491 13 0
470 3 0
482 0 0
732 333 0
765 340 0
773 340 0
796 342 0
1066 282 0
1224 374 0
1353 431 0
782 470 0
747 453 0
732 422 0
732 447 0
693 551 0
639 633 0
623 666 0
610 750 0
610 761 0
613 801 0
608 817 0
609 858 0
610 856 0
614 814 0
619 797 0
619 797 0
619 796 0
619 796 0
629 801 0
639 801 0
640 801 0
640 801 0
663 791 0
644 718 0
541 693 0
344 557 0
391 472 0
389 478 0
0 499 0
0 499 0
30 489 0
12 482 0
9 482 0
9 482 0
4 468 0
4 462 0
2 437 0
2 397 0
0 340 0
0 247 0
156 231 0
248 436 0
173 385 0
277 297 0
118 338 1
115 357 1
255 305 1
168 275 1
354 455 1
316 553 1
457 366 1
307 430 1
360 552 1
672 550 1
623 414 1
